19.597 0.134
19.578 0.105
19.568 0.108
19.538 0.118
19.526 0.105
19.486 0.129
19.451 0.117
19.440 0.127
19.410 0.123
19.396 0.102
19.329 0.123
19.272 0.118
19.168 0.143
19.128 0.123
19.046 0.137
18.830 0.116
18.656 0.140
18.549 0.136
18.525 0.115
18.455 0.128
18.431 0.121
18.388 0.124
18.346 0.116
18.325 0.117
18.284 0.134
18.263 0.116
18.241 0.133
18.220 0.130
18.001 0.143
17.899 0.114
17.818 0.103
17.705 0.142
17.677 0.130
17.621 0.111
17.568 0.143
17.513 0.118
17.347 0.132
17.319 0.137
17.237 0.137
17.181 0.119
17.153 0.104
17.041 0.117
17.014 0.100
16.958 0.116
16.851 0.124
16.651 0.126
16.607 0.123
16.585 0.118
16.559 0.123
16.534 0.132
16.476 0.103
16.419 0.115
16.389 0.138
16.356 0.137
16.222 0.102
16.125 0.106
16.092 0.138
15.775 0.125
15.730 0.112
15.568 0.102
15.294 0.112
15.177 0.140
15.139 0.115
15.100 0.137
15.062 0.125
14.879 0.116
14.841 0.137
14.804 0.117
14.767 0.117
14.376 0.101
14.314 0.107
14.222 0.118
14.162 0.128
14.134 0.104
14.078 0.141
13.993 0.128
13.967 0.143
13.837 0.143
13.606 0.134
13.577 0.108
13.552 0.142
13.470 0.141
13.435 0.111
13.401 0.117
13.269 0.134
13.234 0.112
13.198 0.140
13.161 0.117
12.986 0.127
12.915 0.127
12.736 0.139
12.702 0.127
12.600 0.133
12.397 0.112
12.285 0.113
12.074 0.110
12.025 0.116
11.973 0.129
11.848 0.138
11.810 0.138
11.738 0.129
11.703 0.130
11.666 0.134
11.625 0.111
11.584 0.115
11.456 0.126
11.423 0.107
11.357 0.134
11.291 0.122
11.228 0.143
11.196 0.105
11.164 0.113
11.132 0.113
11.067 0.115
10.875 0.111
10.836 0.111
10.704 0.143
10.672 0.129
10.608 0.127
10.517 0.132
10.412 0.126
10.340 0.133
10.310 0.137
10.278 0.126
10.244 0.139
10.177 0.101
10.147 0.111
10.056 0.115
9.948 0.137
9.752 0.141
9.619 0.133
9.485 0.106
9.397 0.113
9.264 0.140
9.219 0.137
9.036 0.117
8.945 0.101
8.854 0.107
8.684 0.105
8.630 0.140
8.477 0.115
8.324 0.115
8.176 0.121
8.079 0.123
8.030 0.142
7.564 0.109
7.521 0.111
7.475 0.102
7.166 0.121
7.078 0.107
6.990 0.106
6.946 0.114
6.902 0.106
6.687 0.117
6.644 0.130
6.601 0.136
6.558 0.116
6.430 0.127
6.388 0.116
6.259 0.135
6.174 0.130
6.089 0.126
5.920 0.112
5.878 0.136
5.755 0.142
5.590 0.129
5.424 0.113
5.383 0.141
5.224 0.141
5.106 0.136
5.027 0.112
4.949 0.106
4.832 0.122
4.715 0.124
4.638 0.115
4.599 0.135
4.560 0.162
4.521 0.150
4.482 0.170
4.404 0.111
4.364 0.153
4.325 0.190
4.287 0.107
4.247 0.111
4.208 0.151
4.169 0.167
4.130 0.168
4.091 0.152
4.052 0.195
4.013 0.198
3.973 0.186
3.934 0.164
3.895 0.166
3.857 0.234
3.819 0.247
3.781 0.201
3.743 0.262
3.706 0.191
3.669 0.211
3.632 0.272
3.595 0.194
3.558 0.215
3.522 0.250
3.485 0.261
3.449 0.295
3.413 0.261
3.378 0.276
3.342 0.257
3.308 0.285
3.273 0.263
3.238 0.349
3.205 0.288
3.169 0.326
3.135 0.309
3.100 0.315
3.067 0.369
3.033 0.369
3.000 0.392
2.967 0.386
2.934 0.390
2.902 0.430
2.870 0.392
2.838 0.387
2.806 0.410
2.775 0.381
2.744 0.382
2.714 0.475
2.684 0.408
2.654 0.471
2.625 0.429
2.595 0.492
2.567 0.512
2.540 0.438
2.513 0.530
2.486 0.524
2.460 0.548
2.434 0.466
2.408 0.531
2.384 0.525
2.360 0.539
2.336 0.500
2.313 0.519
2.290 0.580
2.266 0.548
2.243 0.607
2.223 0.532
2.203 0.616
2.182 0.608
2.162 0.618
2.146 0.626
2.129 0.608
2.111 0.643
2.096 0.558
2.082 0.590
2.066 0.631
2.054 0.642
2.041 0.587
2.028 0.619
2.018 0.607
2.008 0.646
1.998 0.665
1.988 0.617
1.980 0.636
1.972 0.658
1.965 0.636
1.960 0.681
1.956 0.609
1.953 0.698
1.952 0.648
1.951 0.634
1.952 0.637
1.952 0.641
1.954 0.616
1.958 0.600
1.962 0.614
1.966 0.597
1.972 0.597
1.979 0.640
1.986 0.643
1.994 0.588
2.005 0.597
2.014 0.629
2.025 0.648
2.038 0.607
2.053 0.615
2.066 0.576
2.082 0.575
2.098 0.594
2.114 0.613
2.132 0.596
2.150 0.619
2.170 0.596
2.189 0.581
2.210 0.537
2.232 0.588
2.252 0.534
2.274 0.513
2.298 0.538
2.320 0.531
2.344 0.479
2.367 0.547
2.392 0.470
2.417 0.516
2.442 0.507
2.468 0.445
2.495 0.457
2.522 0.493
2.550 0.514
2.577 0.477
2.605 0.477
2.633 0.482
2.661 0.467
2.693 0.398
2.724 0.375
2.754 0.442
2.786 0.412
2.818 0.413
2.851 0.412
2.883 0.388
2.917 0.322
2.950 0.398
2.983 0.384
3.018 0.322
3.052 0.340
3.087 0.373
3.122 0.319
3.158 0.347
3.193 0.351
3.229 0.336
3.265 0.317
3.301 0.317
3.338 0.253
3.375 0.287
3.411 0.241
3.448 0.281
3.485 0.220
3.522 0.258
3.560 0.231
3.598 0.264
3.637 0.265
3.675 0.198
3.713 0.231
3.752 0.244
3.790 0.159
3.829 0.173
3.868 0.189
3.907 0.154
3.946 0.148
3.986 0.223
4.026 0.175
4.065 0.143
4.103 0.130
4.143 0.170
4.182 0.129
4.222 0.120
4.262 0.145
4.302 0.160
4.342 0.116
4.382 0.163
4.424 0.160
4.464 0.142
4.547 0.137
4.627 0.154
4.668 0.156
4.871 0.122
4.913 0.110
4.996 0.138
5.037 0.115
5.162 0.133
5.204 0.118
5.287 0.117
5.413 0.112
5.455 0.120
5.709 0.112
5.835 0.127
5.920 0.143
6.047 0.140
6.089 0.142
6.131 0.111
6.173 0.123
6.258 0.119
6.555 0.133
6.770 0.106
6.854 0.117
6.939 0.101
6.981 0.141
7.151 0.144
7.192 0.132
7.234 0.101
7.318 0.107
7.402 0.138
7.528 0.134
7.658 0.136
7.840 0.114
7.888 0.132
7.936 0.130
8.079 0.136
8.318 0.133
8.413 0.121
8.701 0.118
8.749 0.106
8.845 0.130
8.893 0.131
8.942 0.140
9.037 0.134
9.132 0.137
9.228 0.108
9.323 0.108
9.536 0.140
9.825 0.125
9.771 0.112
9.752 0.131
9.733 0.109
9.699 0.115
9.682 0.141
9.656 0.129
9.605 0.104
9.545 0.127
9.525 0.137
9.424 0.135
9.365 0.126
9.226 0.124
9.148 0.140
9.109 0.133
9.008 0.117
8.925 0.107
8.906 0.111
8.868 0.123
8.848 0.139
8.829 0.141
8.730 0.103
8.710 0.113
8.690 0.100
8.669 0.133
8.444 0.125
8.424 0.133
8.360 0.130
8.211 0.111
8.116 0.107
8.083 0.128
8.020 0.100
7.989 0.105
7.825 0.126
7.799 0.132
7.768 0.139
7.722 0.107
7.666 0.112
7.506 0.123
7.453 0.107
7.349 0.117
7.299 0.131
7.195 0.111
7.091 0.130
7.040 0.131
6.730 0.123
6.677 0.135
6.574 0.111
6.470 0.133
6.417 0.127
6.363 0.103
6.256 0.108
6.204 0.101
6.152 0.132
6.102 0.116
6.050 0.130
5.997 0.123
5.893 0.139
5.578 0.144
5.474 0.125
5.057 0.101
5.006 0.118
4.904 0.108
4.853 0.116
4.698 0.153
4.647 0.119
4.597 0.139
4.546 0.152
4.495 0.169
4.444 0.162
4.393 0.155
4.343 0.114
4.294 0.167
4.245 0.122
4.195 0.112
4.147 0.174
4.100 0.121
4.051 0.186
4.003 0.209
3.956 0.221
3.910 0.173
3.863 0.161
3.815 0.212
3.766 0.190
3.720 0.181
3.675 0.199
3.630 0.214
3.585 0.260
3.541 0.232
3.496 0.263
3.452 0.300
3.408 0.308
3.366 0.249
3.325 0.264
3.284 0.281
3.243 0.335
3.203 0.270
3.164 0.317
3.125 0.352
3.087 0.360
3.050 0.331
3.012 0.349
2.976 0.330
2.942 0.399
2.909 0.329
2.875 0.431
2.842 0.426
2.810 0.431
2.779 0.395
2.750 0.366
2.722 0.422
2.695 0.443
2.669 0.408
2.645 0.414
2.621 0.500
2.599 0.442
2.579 0.457
2.559 0.474
2.542 0.434
2.526 0.432
2.511 0.487
2.498 0.497
2.486 0.494
2.475 0.493
2.465 0.522
2.457 0.502
2.449 0.530
2.443 0.475
2.439 0.458
2.437 0.510
2.436 0.469
2.435 0.530
2.437 0.497
2.440 0.549
2.443 0.461
2.449 0.507
2.457 0.550
2.465 0.478
2.475 0.486
2.487 0.493
2.501 0.471
2.514 0.531
2.530 0.473
2.547 0.431
2.565 0.462
2.585 0.442
2.608 0.421
2.632 0.470
2.658 0.492
2.686 0.431
2.714 0.401
2.744 0.388
2.775 0.439
2.806 0.398
2.837 0.420
2.870 0.431
2.908 0.386
2.945 0.417
2.983 0.394
3.022 0.375
3.065 0.304
3.107 0.374
3.142 0.368
3.186 0.310
3.236 0.265
3.286 0.318
3.334 0.319
3.383 0.270
3.434 0.294
3.485 0.236
3.536 0.281
3.586 0.264
3.637 0.255
3.688 0.277
3.738 0.267
3.789 0.246
3.841 0.186
3.893 0.207
3.944 0.156
3.995 0.180
4.044 0.213
4.094 0.130
4.144 0.136
4.197 0.129
4.249 0.136
4.302 0.144
4.352 0.142
4.402 0.126
4.453 0.136
4.557 0.120
4.608 0.166
4.661 0.162
4.768 0.144
4.874 0.119
5.043 0.110
5.102 0.133
5.217 0.133
5.274 0.128
5.333 0.108
5.392 0.112
5.572 0.115
5.628 0.106
5.862 0.114
5.923 0.106
6.266 0.119
6.319 0.138
6.432 0.103
6.490 0.142
6.547 0.130
6.643 0.131
6.786 0.140
7.278 0.119
7.479 0.118
7.671 0.108
7.814 0.115
8.002 0.143
8.145 0.118
8.193 0.101
8.241 0.123
8.385 0.127
8.431 0.132
8.661 0.136
8.707 0.112
8.752 0.111
8.886 0.119
8.931 0.105
9.062 0.128
9.105 0.132
9.192 0.115
9.277 0.121
9.548 0.120
9.700 0.104
9.778 0.106
10.017 0.136
10.058 0.121
10.101 0.114
10.143 0.137
10.184 0.100
10.229 0.116
10.327 0.138
10.376 0.122
10.428 0.142
10.626 0.112
10.774 0.120
11.073 0.125
11.122 0.130
11.218 0.102
11.359 0.116
11.405 0.127
11.449 0.135
11.586 0.100
11.815 0.109
12.179 0.121
12.224 0.100
12.269 0.104
12.315 0.102
12.363 0.123
12.515 0.111
12.614 0.123
12.664 0.133
12.714 0.133
12.967 0.127
13.198 0.136
13.317 0.120
13.377 0.100
13.440 0.109
13.567 0.139
13.697 0.136
13.960 0.133
14.091 0.102
14.156 0.123
14.289 0.143
14.527 0.138
14.747 0.113
14.884 0.116
15.009 0.121
15.050 0.122
15.125 0.122
15.200 0.113
15.236 0.137
15.437 0.100
15.470 0.108
15.536 0.126
15.669 0.139
15.705 0.121
15.740 0.143
15.909 0.124
15.941 0.106
15.946 0.124
15.969 0.132
16.073 0.133
16.126 0.114
16.173 0.142
16.269 0.123
16.318 0.143
16.416 0.120
16.622 0.143
16.677 0.143
16.733 0.106
16.785 0.102
16.839 0.105
16.948 0.104
17.111 0.131
17.214 0.109
17.265 0.104
17.651 0.126
17.700 0.118
17.747 0.126
17.789 0.131
17.872 0.119
17.909 0.127
17.932 0.139
18.147 0.115
18.184 0.122
18.199 0.127
18.186 0.143
18.176 0.102
18.130 0.104
18.058 0.141
17.956 0.118
17.924 0.102
17.888 0.135
17.849 0.113
17.701 0.112
17.626 0.144
17.553 0.107
17.442 0.133
17.263 0.123
16.960 0.115
16.921 0.108
16.638 0.113
16.528 0.104
16.473 0.121
16.446 0.115
16.365 0.141
16.338 0.138
16.259 0.128
16.207 0.116
15.961 0.111
15.869 0.109
15.731 0.120
15.685 0.124
15.637 0.138
15.590 0.133
15.543 0.142
15.352 0.109
15.303 0.109
15.205 0.112
15.157 0.127
14.962 0.139
14.914 0.105
14.769 0.128
14.720 0.127
14.672 0.121
14.623 0.126
14.427 0.142
14.280 0.124
14.231 0.117
14.182 0.131
13.891 0.143
13.743 0.139
13.694 0.114
13.594 0.136
13.545 0.126
13.396 0.111
13.297 0.128
13.150 0.100
12.853 0.125
12.803 0.115
12.753 0.141
12.368 0.101
12.321 0.137
12.130 0.137
12.034 0.139
11.986 0.116
11.794 0.139
11.747 0.115
11.651 0.111
11.604 0.101
11.508 0.114
11.413 0.128
11.316 0.131
11.221 0.120
10.934 0.111
10.885 0.112
10.837 0.123
10.790 0.115
10.647 0.131
10.551 0.105
10.454 0.119
10.360 0.130
10.227 0.137
10.182 0.132
10.067 0.136
9.986 0.142
9.907 0.131
9.713 0.139
9.675 0.125
9.638 0.116
9.600 0.123
9.525 0.108
9.487 0.101
9.339 0.124
9.300 0.124
9.187 0.112
9.113 0.143
9.038 0.143
8.970 0.110
8.905 0.115
8.803 0.114
8.738 0.111
8.705 0.102
8.671 0.104
8.538 0.137
8.504 0.136
8.407 0.116
8.344 0.103
8.280 0.116
8.248 0.135
8.218 0.106
8.189 0.114
8.159 0.130
8.118 0.120
8.103 0.103
8.086 0.111
8.031 0.123
8.012 0.104
7.993 0.104
7.974 0.115
7.957 0.116
7.910 0.121
7.878 0.132
7.832 0.141
7.817 0.119
7.800 0.101
7.762 0.142
7.744 0.102
7.705 0.129
7.664 0.106
7.643 0.141
7.591 0.101
7.514 0.134
7.442 0.137
7.408 0.112
7.375 0.141
7.198 0.135
6.932 0.144
6.747 0.116
6.635 0.116
6.598 0.129
6.485 0.111
6.300 0.131
6.263 0.113
6.225 0.144
6.188 0.125
6.151 0.120
6.114 0.119
6.042 0.107
6.006 0.104
5.971 0.104
5.873 0.136
5.840 0.115
5.805 0.123
5.738 0.133
5.705 0.110
5.672 0.138
5.537 0.117
5.416 0.128
5.360 0.113
5.329 0.108
5.063 0.107
5.030 0.111
4.964 0.102
4.896 0.118
4.796 0.127
4.761 0.125
4.625 0.152
4.556 0.131
4.524 0.140
4.494 0.153
4.428 0.125
4.394 0.173
4.362 0.109
4.329 0.170
4.299 0.157
4.262 0.154
4.230 0.170
4.197 0.129
4.170 0.200
4.156 0.189
4.135 0.134
4.124 0.156
4.122 0.168
4.112 0.162
4.108 0.131
4.099 0.146
4.092 0.137
4.096 0.214
4.089 0.125
4.082 0.155
4.074 0.154
4.066 0.138
4.051 0.164
4.038 0.196
4.024 0.181
4.010 0.180
3.998 0.138
3.985 0.163
3.971 0.221
3.957 0.157
3.945 0.188
3.931 0.177
3.919 0.219
3.906 0.151
3.893 0.162
3.881 0.202
3.867 0.206
3.854 0.215
3.839 0.207
3.824 0.173
3.813 0.183
3.800 0.212
3.785 0.204
3.773 0.185
3.759 0.254
3.744 0.244
3.730 0.245
3.717 0.234
3.702 0.181
3.690 0.237
3.675 0.196
3.662 0.281
3.648 0.265
3.634 0.242
3.620 0.220
3.605 0.240
3.591 0.239
3.578 0.223
3.563 0.259
3.550 0.236
3.536 0.293
3.523 0.300
3.510 0.234
3.497 0.296
3.484 0.246
3.471 0.254
3.458 0.310
3.443 0.258
3.430 0.319
3.416 0.236
3.402 0.265
3.388 0.273
3.374 0.275
3.360 0.250
3.346 0.285
3.333 0.284
3.320 0.343
3.307 0.274
3.292 0.305
3.279 0.353
3.265 0.323
3.253 0.319
3.239 0.327
3.227 0.310
3.216 0.348
3.202 0.295
3.189 0.304
3.177 0.303
3.164 0.316
3.152 0.368
3.140 0.342
3.127 0.304
3.113 0.342
3.099 0.333
3.086 0.358
3.070 0.310
3.054 0.311
3.042 0.370
3.027 0.385
3.012 0.318
2.997 0.367
2.983 0.331
2.966 0.407
2.949 0.384
2.935 0.399
2.919 0.405
2.902 0.369
2.885 0.347
2.868 0.424
2.850 0.442
2.832 0.356
2.817 0.404
2.803 0.437
2.788 0.389
2.774 0.416
2.760 0.410
2.743 0.416
2.729 0.405
2.714 0.467
2.699 0.480
2.682 0.463
2.663 0.433
2.645 0.478
2.629 0.459
2.611 0.471
2.593 0.469
2.583 0.513
2.571 0.515
2.552 0.507
2.532 0.478
2.512 0.540
2.495 0.465
2.477 0.492
2.458 0.508
2.447 0.535
2.434 0.522
2.421 0.529
2.409 0.490
2.397 0.537
2.385 0.545
2.372 0.511
2.360 0.572
2.348 0.518
2.335 0.574
2.323 0.571
2.313 0.534
2.303 0.571
2.292 0.582
2.279 0.576
2.268 0.610
2.256 0.601
2.244 0.527
2.232 0.523
2.222 0.606
2.212 0.624
2.200 0.597
2.188 0.607
2.177 0.563
2.166 0.557
2.154 0.624
2.142 0.557
2.130 0.632
2.118 0.597
2.106 0.579
2.093 0.599
2.081 0.574
2.070 0.643
2.058 0.619
2.046 0.602
2.034 0.590
2.023 0.625
2.011 0.608
1.998 0.652
1.985 0.687
1.974 0.652
1.954 0.675
1.934 0.674
1.923 0.623
1.913 0.644
1.896 0.678
1.878 0.680
1.860 0.673
1.844 0.700
1.826 0.701
1.808 0.732
1.792 0.719
1.776 0.713
1.757 0.690
1.740 0.753
1.723 0.752
1.705 0.707
1.687 0.723
1.670 0.756
1.653 0.707
1.636 0.766
1.620 0.713
1.605 0.720
1.592 0.709
1.578 0.745
1.563 0.793
1.550 0.734
1.536 0.802
1.522 0.825
1.508 0.824
1.495 0.803
1.479 0.772
1.465 0.768
1.452 0.840
1.439 0.773
1.424 0.770
1.411 0.762
1.397 0.827
1.383 0.838
1.369 0.810
1.355 0.849
1.340 0.850
1.326 0.876
1.310 0.851
1.297 0.793
1.283 0.801
1.270 0.801
1.257 0.871
1.242 0.883
1.229 0.852
1.215 0.865
1.201 0.876
1.187 0.910
1.173 0.834
1.160 0.880
1.146 0.898
1.132 0.868
1.118 0.843
1.105 0.864
1.092 0.886
1.076 0.881
1.061 0.882
1.048 0.858
1.035 0.900
1.021 0.934
1.007 0.929
0.994 0.924
0.980 0.906
0.966 0.939
0.952 0.903
0.939 0.945
0.926 0.952
0.912 0.924
0.901 0.970
0.887 0.978
0.876 0.937
0.863 0.946
0.849 0.985
0.835 0.953
0.824 0.966
0.812 0.987
0.801 0.913
0.790 0.996
0.777 0.992
0.765 0.974
0.754 0.929
0.741 0.963
0.730 0.957
0.719 0.961
0.707 0.914
0.695 0.999
0.684 0.943
0.673 0.951
0.661 0.928
0.650 0.931
0.637 0.954
0.623 1.000
0.611 1.000
0.598 0.999
0.586 0.961
0.574 0.980
0.562 1.000
0.548 1.000
0.537 0.970
0.524 0.947
0.511 0.971
0.498 0.966
0.486 1.000
0.475 0.950
0.462 0.991
0.450 0.969
0.440 1.000
0.427 0.951
0.416 1.000
0.403 0.993
0.390 0.981
0.378 0.959
0.367 1.000
0.354 0.966
0.343 1.000
0.331 1.000
0.317 1.000
0.305 0.985
0.293 0.975
0.279 0.986
0.267 0.971
0.254 0.969
0.243 0.997
0.231 1.000
0.219 1.000
0.206 0.998
0.191 0.968
0.179 1.000
0.166 0.977
0.155 1.000
0.142 0.985
0.130 0.970
0.118 1.000
0.105 1.000
0.092 0.984
0.081 0.992
0.069 0.985
0.057 1.000
0.045 1.000
0.033 1.000
0.020 1.000
0.008 0.987
0.006 1.000
0.017 0.989
0.027 0.999
0.038 1.000
0.048 0.992
0.062 1.000
0.077 0.997
0.099 1.000
0.107 0.969
0.095 1.000
0.079 0.994
0.062 1.000
0.044 1.000
0.031 1.000
0.024 1.000
0.024 1.000
0.033 1.000
0.045 1.000
0.041 1.000
0.052 0.973
0.067 0.989
0.078 1.000
0.090 1.000
0.101 1.000
0.110 0.982
0.121 0.985
0.132 1.000
0.144 1.000
0.157 1.000
0.169 0.980
0.184 0.979
0.196 1.000
0.209 1.000
0.220 0.976
0.234 1.000
0.247 0.996
0.260 0.980
0.273 0.972
0.286 0.986
0.298 0.996
0.284 1.000
0.272 0.967
0.259 1.000
0.249 0.999
0.238 0.992
0.227 1.000
0.214 0.972
0.203 1.000
0.195 1.000
0.176 1.000
0.164 1.000
0.155 1.000
0.143 1.000
0.127 1.000
0.114 1.000
0.097 0.987
0.079 1.000
0.068 1.000
0.067 0.973
0.056 1.000
0.047 1.000
0.051 0.983
0.049 1.000
0.059 0.984
0.069 1.000
0.081 0.980
0.091 1.000
0.102 0.976
0.114 1.000
0.127 1.000
0.109 0.979
0.084 1.000
0.064 1.000
0.050 1.000
0.041 1.000
0.041 0.998
0.047 0.986
0.044 1.000
0.041 1.000
0.043 1.000
0.049 1.000
0.058 1.000
0.073 0.996
0.088 1.000
0.101 1.000
0.115 1.000
0.128 0.970
0.138 1.000
0.156 1.000
0.168 0.977
0.185 0.981
0.202 1.000
0.218 0.983
0.234 0.977
0.251 1.000
0.268 0.971
0.284 0.960
0.300 1.000
0.317 1.000
0.334 0.992
0.351 1.000
0.368 1.000
0.384 1.000
0.401 1.000
0.418 0.995
0.435 0.973
0.452 1.000
0.468 0.998
0.485 0.975
0.502 1.000
0.518 0.967
0.534 0.996
0.550 0.948
0.566 0.938
0.582 0.985
0.598 1.000
0.614 0.971
0.630 0.988
0.646 0.926
0.662 1.000
0.679 0.966
0.696 0.983
0.712 0.942
0.729 0.911
0.746 1.000
0.763 0.915
0.779 0.935
0.794 0.975
0.810 0.985
0.826 0.961
0.842 0.984
0.858 0.963
0.874 0.958
0.889 0.974
0.904 0.967
0.920 0.928
0.935 0.961
0.950 0.943
0.965 0.874
0.981 0.933
0.996 0.933
1.012 0.902
1.028 0.856
1.043 0.866
1.057 0.871
1.072 0.871
1.086 0.913
1.099 0.906
1.112 0.915
1.125 0.870
1.139 0.908
1.151 0.909
1.164 0.901
1.175 0.889
1.189 0.869
1.207 0.836
1.217 0.888
1.229 0.850
1.248 0.850
1.270 0.798
1.292 0.800
1.315 0.847
1.336 0.847
1.358 0.779
1.381 0.774
1.406 0.816
1.430 0.791
1.455 0.761
1.479 0.814
1.504 0.802
1.528 0.812
1.553 0.810
1.577 0.740
1.600 0.705
1.625 0.793
1.650 0.760
1.675 0.724
1.699 0.741
1.722 0.676
1.747 0.686
1.771 0.685
1.795 0.657
1.819 0.684
1.842 0.674
1.866 0.670
1.891 0.680
1.914 0.684
1.940 0.628
1.968 0.634
1.995 0.621
2.024 0.643
2.058 0.581
2.093 0.626
2.127 0.587
2.160 0.566
2.195 0.616
2.235 0.534
2.278 0.594
2.321 0.563
2.364 0.534
2.408 0.518
2.453 0.554
2.499 0.522
2.543 0.517
2.585 0.511
2.622 0.495
2.660 0.445
2.700 0.482
2.738 0.445
2.770 0.384
2.802 0.426
2.835 0.376
2.868 0.411
2.899 0.357
2.932 0.402
2.963 0.392
2.993 0.390
3.024 0.377
3.055 0.319
3.088 0.310
3.120 0.374
3.150 0.328
3.177 0.363
3.205 0.302
3.235 0.348
3.267 0.257
3.299 0.301
3.329 0.313
3.359 0.289
3.389 0.301
3.421 0.245
3.452 0.272
3.484 0.311
3.515 0.251
3.547 0.278
3.578 0.196
3.609 0.222
3.640 0.190
3.671 0.207
3.700 0.252
3.729 0.213
3.757 0.200
3.787 0.165
3.817 0.162
3.849 0.190
3.880 0.154
3.911 0.236
3.942 0.201
3.974 0.134
4.005 0.165
4.036 0.128
4.067 0.216
4.099 0.123
4.130 0.159
4.162 0.196
4.193 0.125
4.225 0.164
4.256 0.173
4.288 0.153
4.319 0.145
4.350 0.133
4.382 0.109
4.413 0.132
4.445 0.103
4.476 0.134
4.507 0.126
4.538 0.145
4.570 0.112
4.601 0.145
4.663 0.159
4.727 0.112
4.756 0.102
4.783 0.132
4.834 0.115
4.881 0.147
4.940 0.109
5.036 0.144
5.058 0.137
5.070 0.110
5.082 0.143
5.126 0.122
5.173 0.104
5.187 0.108
5.252 0.125
5.264 0.132
5.275 0.111
5.297 0.103
5.308 0.102
5.340 0.125
5.361 0.118
5.371 0.107
5.424 0.119
5.435 0.129
5.446 0.122
5.457 0.112
5.477 0.119
5.509 0.135
5.531 0.122
5.564 0.101
5.575 0.137
5.613 0.117
5.628 0.110
5.645 0.104
5.666 0.123
5.708 0.101
5.812 0.134
5.875 0.139
5.896 0.115
5.918 0.129
5.962 0.141
6.027 0.117
6.069 0.105
6.111 0.130
6.133 0.124
6.155 0.122
6.176 0.107
6.196 0.109
6.217 0.130
6.239 0.123
6.323 0.101
6.344 0.124
6.365 0.111
6.550 0.110
6.651 0.122
6.690 0.137
6.789 0.116
6.886 0.135
6.905 0.106
7.035 0.133
7.092 0.114
7.112 0.123
7.150 0.138
7.188 0.128
7.226 0.125
7.245 0.125
7.264 0.130
7.302 0.106
7.413 0.132
7.482 0.105
7.515 0.113
7.578 0.143
7.593 0.112
7.622 0.127
7.666 0.122
7.681 0.115
7.714 0.131
7.852 0.140
7.866 0.141
7.880 0.121
7.907 0.123
7.933 0.139
8.046 0.137
8.059 0.129
8.085 0.127
8.098 0.123
8.110 0.121
8.136 0.123
8.162 0.123
8.190 0.109
8.204 0.122
8.332 0.122
8.344 0.108
8.356 0.120
8.367 0.118
8.388 0.112
8.400 0.128
8.412 0.123
8.434 0.108
8.535 0.108
8.609 0.119
8.619 0.143
8.630 0.111
8.640 0.129
8.679 0.115
8.717 0.115
8.727 0.111
8.754 0.128
8.763 0.105
8.798 0.127
8.815 0.141
8.824 0.138
8.840 0.123
8.856 0.132
8.873 0.103
8.889 0.141
8.905 0.124
8.913 0.125
8.929 0.130
8.944 0.112
8.967 0.132
9.017 0.111
9.030 0.115
9.042 0.139
9.072 0.129
9.078 0.104
9.089 0.121
9.106 0.135
9.112 0.142
9.117 0.118
9.122 0.128
9.133 0.130
9.143 0.125
9.151 0.103
9.160 0.124
9.169 0.118
9.181 0.120
9.193 0.104
9.207 0.136
9.210 0.129
9.224 0.143
9.227 0.106
9.233 0.106
9.237 0.100
9.252 0.132
9.254 0.135
9.258 0.115
9.260 0.108
9.269 0.128
9.273 0.135
9.277 0.108
9.278 0.105
9.283 0.102
9.284 0.140
9.285 0.127
9.285 0.102
9.284 0.105
9.280 0.113
9.275 0.126
9.273 0.128
9.268 0.133
9.260 0.144
9.258 0.135
9.246 0.113
9.243 0.121
9.238 0.113
9.233 0.118
9.217 0.111
9.210 0.115
9.206 0.140
9.202 0.101
9.195 0.116
9.191 0.130
9.187 0.141
9.169 0.113
9.161 0.109
9.151 0.143
9.147 0.117
9.142 0.105
9.137 0.117
9.132 0.137
9.127 0.141
9.116 0.107
9.105 0.119
9.094 0.137
9.066 0.106
9.057 0.103
9.033 0.111
9.025 0.123
9.003 0.132
8.987 0.131
8.980 0.142
8.965 0.118
8.948 0.118
8.932 0.141
8.925 0.132
8.900 0.119
8.883 0.101
8.866 0.104
8.839 0.131
8.830 0.108
8.785 0.119
8.777 0.116
8.741 0.117
8.713 0.132
8.684 0.121
8.664 0.127
8.634 0.135
8.623 0.120
8.580 0.101
8.558 0.124
8.457 0.139
8.409 0.135
8.374 0.132
8.349 0.123
8.337 0.112
8.287 0.130
8.197 0.111
8.157 0.101
8.089 0.135
8.075 0.143
7.960 0.115
7.893 0.140
7.840 0.118
7.822 0.123
7.762 0.101
7.744 0.102
7.710 0.109
7.675 0.127
7.647 0.104
7.614 0.119
7.578 0.123
7.561 0.103
7.488 0.119
7.469 0.120
7.414 0.117
7.396 0.133
7.378 0.100
7.361 0.134
7.239 0.130
7.204 0.103
7.086 0.133
7.053 0.143
7.036 0.122
6.897 0.107
6.880 0.128
6.806 0.112
6.771 0.113
6.732 0.138
6.695 0.120
6.601 0.132
6.501 0.110
6.482 0.116
6.441 0.117
6.421 0.127
6.297 0.125
6.276 0.100
6.234 0.141
6.211 0.122
6.074 0.117
6.001 0.123
5.971 0.123
5.824 0.133
5.764 0.134
5.649 0.112
5.627 0.128
5.584 0.129
5.563 0.142
5.485 0.119
5.393 0.123
5.340 0.141
5.321 0.116
5.215 0.103
5.145 0.139
5.100 0.118
5.057 0.127
5.017 0.119
4.843 0.128
4.820 0.140
4.727 0.125
4.703 0.143
4.680 0.141
4.657 0.105
4.586 0.168
4.493 0.155
4.445 0.179
4.421 0.133
4.398 0.149
4.375 0.178
4.351 0.124
4.327 0.183
4.304 0.104
4.281 0.174
4.257 0.153
4.233 0.151
4.210 0.158
4.186 0.188
4.163 0.195
4.140 0.134
4.116 0.160
4.093 0.148
4.070 0.168
4.046 0.176
4.023 0.221
4.000 0.201
3.976 0.220
3.953 0.178
3.929 0.238
3.904 0.193
3.881 0.179
3.858 0.171
3.834 0.165
3.810 0.247
3.785 0.221
3.761 0.238
3.736 0.221
3.712 0.261
3.688 0.202
3.663 0.226
3.638 0.273
3.613 0.193
3.590 0.201
3.566 0.294
3.544 0.263
3.527 0.291
3.510 0.297
3.491 0.242
3.473 0.274
3.459 0.254
3.445 0.252
3.432 0.263
3.414 0.262
3.386 0.304
3.351 0.235
3.318 0.242
3.291 0.290
3.265 0.274
3.235 0.332
3.206 0.359
3.179 0.274
3.157 0.352
3.136 0.302
3.110 0.301
3.086 0.379
3.061 0.388
3.040 0.394
3.018 0.387
2.994 0.375
2.968 0.351
2.942 0.401
2.915 0.398
2.891 0.383
2.866 0.399
2.843 0.380
2.819 0.442
2.793 0.464
2.766 0.406
2.745 0.397
2.734 0.407
2.722 0.470
2.720 0.408
2.706 0.390
2.696 0.482
2.686 0.471
2.669 0.452
2.654 0.432
2.640 0.406
2.618 0.460
2.596 0.439
2.576 0.471
2.554 0.527
2.526 0.451
2.497 0.524
2.467 0.494
2.435 0.494
2.401 0.513
2.367 0.565
2.331 0.560
2.295 0.528
2.253 0.529
2.198 0.564
2.142 0.605
2.091 0.591
2.042 0.660
1.998 0.670
1.955 0.699
1.914 0.666
1.876 0.660
1.838 0.641
1.800 0.719
1.763 0.757
1.727 0.715
1.693 0.696
1.660 0.748
1.627 0.747
1.595 0.774
1.563 0.761
1.531 0.811
1.501 0.820
1.471 0.754
1.442 0.824
1.414 0.834
1.387 0.808
1.359 0.844
1.331 0.814
1.303 0.801
1.273 0.869
1.243 0.897
1.213 0.838
1.181 0.849
1.150 0.847
1.120 0.839
1.091 0.840
1.062 0.879
1.032 0.907
1.004 0.876
0.975 0.909
0.947 0.886
0.920 0.946
0.893 0.920
0.868 0.930
0.843 0.964
0.819 0.892
0.796 0.929
0.776 0.898
0.756 0.914
0.740 0.968
0.725 0.952
0.710 0.938
0.699 0.969
0.691 0.985
0.683 0.920
0.678 0.934
0.676 1.000
0.677 0.977
0.678 0.982
0.684 0.944
0.693 0.900
0.701 0.969
0.710 0.992
0.717 0.960
0.722 0.910
0.724 0.991
0.730 0.965
0.738 0.950
0.746 0.945
0.756 0.954
0.767 0.897
0.779 0.967
0.792 0.930
0.806 0.965
0.821 0.894
0.837 0.964
0.852 0.897
0.868 0.903
0.887 0.938
0.909 0.879
0.933 0.956
0.959 0.897
0.989 0.913
1.018 0.878
1.049 0.857
1.082 0.882
1.114 0.833
1.146 0.816
1.178 0.816
1.211 0.815
1.245 0.811
1.279 0.843
1.312 0.826
1.346 0.817
1.383 0.801
1.420 0.819
1.461 0.811
1.505 0.781
1.551 0.773
1.597 0.695
1.642 0.736
1.688 0.731
1.737 0.735
1.785 0.641
1.831 0.653
1.879 0.644
1.926 0.674
1.973 0.593
2.021 0.566
2.068 0.624
2.116 0.592
2.164 0.609
2.213 0.583
2.262 0.583
2.310 0.535
2.359 0.522
2.408 0.451
2.458 0.448
2.508 0.470
2.556 0.435
2.605 0.399
2.655 0.464
2.705 0.455
2.754 0.441
2.805 0.409
2.854 0.381
2.904 0.387
2.953 0.355
3.003 0.347
3.053 0.378
3.103 0.318
3.153 0.333
3.206 0.328
3.263 0.283
3.326 0.245
3.389 0.292
3.452 0.304
3.516 0.211
3.581 0.255
3.646 0.188
3.711 0.241
3.775 0.157
3.837 0.225
3.898 0.180
3.945 0.211
3.987 0.164
4.030 0.152
4.075 0.154
4.121 0.135
4.166 0.189
4.210 0.119
4.301 0.138
4.436 0.108
4.481 0.129
4.526 0.159
4.571 0.136
4.659 0.148
4.705 0.128
4.889 0.136
4.980 0.139
5.024 0.130
5.160 0.129
5.430 0.134
5.475 0.102
5.519 0.113
5.652 0.117
5.698 0.100
5.965 0.116
6.007 0.101
6.051 0.143
6.348 0.124
6.432 0.115
6.602 0.111
6.644 0.124
6.687 0.138
6.771 0.118
6.895 0.143
7.019 0.113
7.060 0.108
7.184 0.126
7.264 0.123
7.303 0.131
7.343 0.138
7.664 0.117
7.705 0.101
7.949 0.117
8.069 0.116
8.108 0.137
8.264 0.129
8.303 0.104
8.421 0.121
8.459 0.118
8.535 0.110
8.688 0.128
8.802 0.128
8.876 0.142
8.914 0.133
9.064 0.135
9.139 0.119
9.177 0.125
9.215 0.137
9.251 0.117
9.289 0.110
9.399 0.138
9.619 0.118
9.692 0.109
9.763 0.121
9.871 0.127
9.908 0.117
10.015 0.132
10.118 0.113
10.325 0.119
10.360 0.112
10.431 0.129
10.465 0.103
10.632 0.100
10.702 0.129
10.738 0.142
10.805 0.101
10.839 0.138
10.908 0.113
11.071 0.130
11.103 0.101
11.135 0.101
11.168 0.143
11.332 0.111
11.364 0.111
11.395 0.124
11.427 0.114
11.459 0.111
11.557 0.119
11.589 0.129
11.685 0.124
11.717 0.133
11.748 0.138
11.844 0.127
11.875 0.115
11.907 0.111
11.969 0.115
12.001 0.118
12.031 0.134
12.094 0.128
12.218 0.141
12.278 0.134
12.368 0.107
12.398 0.132
12.427 0.133
12.485 0.139
12.515 0.118
12.545 0.110
12.574 0.101
12.632 0.137
12.690 0.133
12.804 0.135
12.914 0.120
12.967 0.130
12.995 0.113
13.025 0.143
13.053 0.142
13.110 0.106
13.166 0.135
13.192 0.111
13.219 0.128
13.271 0.115
13.476 0.118
13.502 0.142
13.623 0.139
13.788 0.138
13.835 0.114
13.880 0.105
13.928 0.132
13.970 0.143
13.992 0.137
14.036 0.123
14.058 0.118
14.079 0.143
14.149 0.112
14.197 0.144
14.259 0.128
14.280 0.121
14.302 0.109
14.418 0.103
14.472 0.135
14.508 0.139
14.525 0.116
14.543 0.125
14.562 0.109
14.580 0.102
14.660 0.107
14.676 0.140
14.693 0.100
14.709 0.112
14.801 0.108
14.815 0.106
14.842 0.128
14.855 0.111
14.868 0.119
14.881 0.117
14.928 0.141
14.939 0.123
14.975 0.144
14.987 0.140
14.998 0.113
15.034 0.118
15.058 0.106
15.081 0.133
15.149 0.122
15.205 0.138
15.225 0.140
15.275 0.136
15.285 0.140
15.304 0.108
15.322 0.140
15.341 0.133
15.350 0.112
15.387 0.133
15.410 0.135
15.434 0.100
15.442 0.141
15.455 0.114
15.482 0.102
15.494 0.125
15.512 0.138
15.522 0.101
15.528 0.143
15.533 0.124
15.537 0.109
15.554 0.120
15.559 0.115
15.568 0.103
15.577 0.124
15.608 0.129
15.623 0.133
15.629 0.122
15.632 0.134
15.634 0.108
15.642 0.132
15.653 0.135
15.655 0.113
15.655 0.111
15.657 0.131
15.660 0.132
15.658 0.133
15.658 0.109
15.660 0.132
15.661 0.127
15.663 0.114
15.664 0.118
15.662 0.109
15.662 0.123
15.662 0.111
15.661 0.117
15.662 0.105
15.662 0.130
15.660 0.134
15.659 0.102
15.659 0.104
15.655 0.133
15.648 0.125
15.640 0.135
15.633 0.105
15.616 0.131
15.610 0.143
15.604 0.107
15.578 0.102
15.548 0.124
15.532 0.135
15.513 0.106
15.484 0.129
15.473 0.141
15.451 0.124
15.416 0.101
15.403 0.108
15.378 0.115
15.365 0.112
15.350 0.117
15.337 0.124
15.310 0.140
15.281 0.102
15.234 0.112
15.200 0.142
15.165 0.134
15.130 0.118
15.111 0.122
15.092 0.120
15.054 0.123
14.994 0.137
14.973 0.130
14.930 0.130
14.908 0.104
14.864 0.100
14.797 0.141
14.774 0.123
14.701 0.144
14.678 0.119
14.652 0.128
14.627 0.117
14.601 0.110
14.574 0.137
14.548 0.124
14.326 0.138
14.297 0.100
14.207 0.131
14.116 0.136
14.020 0.125
13.987 0.115
13.889 0.112
13.855 0.125
13.787 0.124
13.718 0.112
13.577 0.120
13.541 0.132
13.469 0.109
13.432 0.111
13.396 0.101
13.286 0.118
13.286 0.128
13.334 0.133
13.393 0.114
13.491 0.127
13.527 0.140
13.639 0.133
13.815 0.105
13.850 0.139
13.884 0.111
14.019 0.130
14.052 0.120
14.161 0.139
14.156 0.120
14.139 0.135
14.129 0.104
14.096 0.105
14.060 0.127
14.070 0.108
14.097 0.130
14.116 0.134
14.145 0.124
14.188 0.144
14.209 0.123
14.217 0.133
14.218 0.114
14.218 0.107
14.214 0.135
14.210 0.124
14.206 0.125
14.206 0.105
14.206 0.134
14.216 0.124
14.217 0.124
14.220 0.123
14.226 0.129
14.236 0.114
14.253 0.129
14.259 0.131
14.265 0.106
14.270 0.124
14.277 0.129
14.283 0.131
14.291 0.123
14.326 0.109
14.354 0.102
14.384 0.109
14.407 0.124
14.418 0.131
14.430 0.118
14.469 0.118
14.526 0.122
14.598 0.100
14.640 0.124
14.685 0.109
14.702 0.126
14.719 0.108
14.752 0.106
14.769 0.131
14.823 0.143
14.917 0.115
14.957 0.116
14.978 0.104
15.016 0.134
15.050 0.110
15.060 0.103
14.987 0.108
14.764 0.130
14.557 0.119
14.495 0.136
14.301 0.132
14.104 0.102
13.920 0.108
13.859 0.125
13.739 0.107
13.495 0.112
13.361 0.108
13.292 0.129
13.223 0.105
13.153 0.141
12.884 0.136
12.816 0.124
12.343 0.107
12.275 0.131
12.209 0.102
12.141 0.133
12.074 0.121
11.733 0.113
11.457 0.100
11.383 0.104
11.250 0.121
10.951 0.131
10.902 0.105
10.853 0.124
10.801 0.136
10.598 0.121
10.548 0.108
10.497 0.140
10.406 0.128
10.315 0.104
10.261 0.112
10.159 0.101
10.116 0.133
10.076 0.105
9.958 0.103
9.921 0.103
9.887 0.127
9.856 0.113
9.821 0.127
9.480 0.106
9.082 0.133
9.032 0.136
8.983 0.137
8.934 0.126
8.802 0.106
8.542 0.123
8.384 0.130
8.281 0.117
8.054 0.115
7.952 0.109
7.903 0.136
7.853 0.121
7.456 0.131
7.406 0.138
7.310 0.110
7.270 0.114
7.229 0.121
7.006 0.117
6.909 0.118
6.806 0.137
6.745 0.107
6.477 0.135
6.215 0.107
6.085 0.139
5.895 0.114
5.733 0.139
5.627 0.128
5.576 0.127
5.524 0.103
5.423 0.130
5.289 0.129
5.248 0.131
5.188 0.108
5.110 0.130
5.085 0.139
5.060 0.116
5.036 0.127
5.011 0.139
4.966 0.107
4.849 0.113
4.799 0.130
4.750 0.153
4.726 0.105
4.702 0.123
4.653 0.104
4.593 0.153
4.564 0.110
4.488 0.102
4.403 0.144
4.360 0.123
4.271 0.146
4.226 0.115
4.182 0.169
4.139 0.130
4.094 0.212
4.050 0.157
4.005 0.176
3.959 0.181
3.913 0.145
3.866 0.215
3.818 0.221
3.772 0.195
3.725 0.230
3.682 0.244
3.645 0.215
3.609 0.235
3.569 0.295
3.529 0.215
3.488 0.302
3.449 0.247
3.412 0.251
3.379 0.326
3.346 0.304
3.311 0.262
3.273 0.316
3.235 0.345
3.198 0.295
3.161 0.360
3.123 0.347
3.085 0.369
3.047 0.396
3.010 0.328
2.974 0.340
2.938 0.344
2.904 0.430
2.870 0.352
2.837 0.414
2.810 0.428
2.796 0.376
2.784 0.370
2.774 0.394
2.761 0.378
2.748 0.474
2.732 0.465
2.719 0.411
2.706 0.409
2.694 0.430
2.677 0.472
2.659 0.468
2.649 0.419
2.638 0.501
2.628 0.499
2.607 0.512
2.596 0.424
2.577 0.504
2.567 0.429
2.556 0.517
2.544 0.501
2.533 0.455
2.522 0.494
2.511 0.449
2.500 0.478
2.490 0.498
2.479 0.484
2.468 0.496
2.457 0.477
2.444 0.474
2.429 0.469
2.414 0.529
2.397 0.504
2.377 0.573
2.356 0.555
2.335 0.501
2.315 0.593
2.296 0.512
2.277 0.563
2.261 0.594
2.248 0.576
2.237 0.575
2.225 0.586
2.214 0.561
2.202 0.559
2.191 0.609
2.173 0.603
2.163 0.546
2.152 0.603
2.141 0.553
2.129 0.618
2.117 0.636
2.105 0.638
2.094 0.603
2.082 0.619
2.070 0.607
2.058 0.595
2.046 0.662
2.034 0.646
2.021 0.594
2.009 0.671
1.997 0.626
1.985 0.690
1.973 0.649
1.962 0.676
1.950 0.691
1.937 0.658
1.925 0.651
1.914 0.703
1.902 0.640
1.891 0.691
1.881 0.720
1.861 0.664
1.851 0.718
1.840 0.667
1.829 0.695
1.818 0.703
1.807 0.675
1.795 0.652
1.784 0.720
1.773 0.691
1.761 0.724
1.750 0.692
1.739 0.691
1.728 0.673
1.716 0.693
1.705 0.746
1.695 0.700
1.684 0.684
1.673 0.779
1.662 0.781
1.650 0.698
1.640 0.740
1.628 0.777
1.617 0.700
1.607 0.734
1.596 0.773
1.586 0.737
1.575 0.764
1.564 0.766
1.547 0.775
1.530 0.766
1.512 0.780
1.495 0.822
1.478 0.815
1.461 0.792
1.445 0.764
1.427 0.842
1.411 0.782
1.398 0.845
1.383 0.782
1.368 0.834
1.352 0.786
1.336 0.846
1.319 0.831
1.303 0.802
1.286 0.880
1.267 0.852
1.250 0.830
1.234 0.817
1.218 0.835
1.200 0.872
1.185 0.845
1.167 0.880
1.149 0.905
1.132 0.924
1.115 0.856
1.097 0.906
1.079 0.906
1.060 0.906
1.042 0.864
1.023 0.904
1.006 0.922
0.988 0.864
0.971 0.961
0.952 0.937
0.934 0.908
0.916 0.963
0.898 0.947
0.879 0.916
0.861 0.909
0.843 0.915
0.826 0.987
0.807 0.894
0.788 0.950
0.770 0.940
0.751 0.914
0.734 0.971
0.716 0.946
0.698 0.939
0.681 1.000
0.662 0.944
0.645 1.000
0.626 0.971
0.607 1.000
0.590 1.000
0.576 0.952
0.566 1.000
0.565 0.998
0.554 0.944
0.540 1.000
0.530 0.978
0.520 0.958
0.510 1.000
0.494 0.957
0.478 0.991
0.460 0.960
0.448 1.000
0.437 0.965
0.428 1.000
0.416 1.000
0.388 0.985
0.353 1.000
0.327 0.972
0.313 0.968
0.300 0.959
0.290 1.000
0.278 0.978
0.268 1.000
0.257 0.983
0.245 0.968
0.233 1.000
0.221 1.000
0.208 0.985
0.196 1.000
0.183 1.000
0.170 1.000
0.161 1.000
0.152 1.000
0.144 0.978
0.134 1.000
0.126 1.000
0.119 0.970
0.111 1.000
0.103 1.000
0.096 1.000
0.091 1.000
0.084 1.000
0.080 0.986
0.079 0.998
0.077 1.000
0.079 1.000
0.083 0.977
0.088 1.000
0.096 0.971
0.103 1.000
0.109 0.983
0.117 0.972
0.125 1.000
0.135 1.000
0.144 1.000
0.153 1.000
0.164 1.000
0.175 0.989
0.184 1.000
0.194 0.983
0.204 0.997
0.214 0.967
0.224 0.971
0.234 1.000
0.244 0.969
0.255 1.000
0.266 0.968
0.275 1.000
0.288 1.000
0.298 1.000
0.308 0.978
0.318 1.000
0.328 0.993
0.337 0.991
0.350 1.000
0.360 1.000
0.370 0.954
0.382 1.000
0.392 1.000
0.402 1.000
0.413 1.000
0.424 1.000
0.433 1.000
0.444 1.000
0.454 1.000
0.465 0.965
0.475 1.000
0.486 1.000
0.498 0.952
0.509 0.952
0.521 1.000
0.534 0.995
0.547 0.984
0.558 1.000
0.571 1.000
0.582 1.000
0.594 0.990
0.606 1.000
0.617 0.961
0.629 0.971
0.641 0.961
0.654 0.991
0.666 0.991
0.678 0.921
0.689 1.000
0.701 0.973
0.714 1.000
0.726 0.933
0.738 0.992
0.750 0.991
0.761 0.961
0.772 0.926
0.783 0.963
0.793 0.943
0.805 0.922
0.816 0.981
0.828 0.932
0.839 0.903
0.850 0.982
0.861 0.945
0.872 0.887
0.883 0.963
0.894 0.963
0.906 0.942
0.919 0.871
0.932 0.960
0.945 0.898
0.955 0.942
0.966 0.883
0.977 0.866
0.991 0.923
1.003 0.930
1.016 0.888
1.028 0.927
1.040 0.847
1.056 0.900
1.067 0.927
1.079 0.913
1.091 0.886
1.104 0.841
1.118 0.923
1.136 0.823
1.153 0.900
1.171 0.914
1.182 0.848
1.193 0.838
1.204 0.857
1.215 0.825
1.227 0.857
1.239 0.850
1.250 0.824
1.261 0.878
1.273 0.812
1.284 0.797
1.296 0.879
1.308 0.811
1.320 0.832
1.332 0.837
1.344 0.845
1.355 0.784
1.368 0.821
1.384 0.834
1.400 0.847
1.416 0.839
1.432 0.764
1.448 0.748
1.465 0.836
1.481 0.809
1.498 0.824
1.515 0.746
1.532 0.762
1.549 0.802
1.567 0.735
1.584 0.715
1.601 0.761
1.618 0.756
1.635 0.712
1.652 0.766
1.669 0.708
1.686 0.726
1.702 0.717
1.718 0.703
1.735 0.736
1.752 0.685
1.769 0.688
1.786 0.671
1.803 0.717
1.820 0.705
1.836 0.665
1.853 0.664
1.870 0.659
1.887 0.697
1.903 0.690
1.921 0.653
1.939 0.671
1.957 0.668
1.975 0.653
1.992 0.621
2.010 0.595
2.028 0.631
2.044 0.654
2.061 0.657
2.077 0.588
2.094 0.577
2.110 0.611
2.126 0.595
2.143 0.620
2.160 0.556
2.177 0.551
2.195 0.548
2.212 0.569
2.229 0.566
2.245 0.599
2.263 0.545
2.280 0.505
2.297 0.510
2.314 0.518
2.331 0.530
2.348 0.521
2.365 0.498
2.381 0.524
2.398 0.567
2.415 0.544
2.432 0.513
2.449 0.552
2.466 0.476
2.483 0.503
2.500 0.542
2.518 0.483
2.535 0.529
2.551 0.526
2.569 0.516
2.586 0.445
2.602 0.455
2.619 0.429
2.636 0.426
2.652 0.492
2.668 0.430
2.684 0.465
2.701 0.483
2.717 0.428
2.734 0.446
2.751 0.467
2.768 0.392
2.785 0.411
2.801 0.438
2.816 0.374
2.831 0.356
2.846 0.431
2.862 0.357
2.877 0.386
2.893 0.420
2.909 0.364
2.926 0.371
2.943 0.402
2.958 0.395
2.971 0.351
2.985 0.414
3.004 0.358
3.026 0.313
3.051 0.323
3.076 0.384
3.099 0.364
3.117 0.377
3.129 0.293
3.144 0.287
3.159 0.336
3.180 0.296
3.198 0.362
3.211 0.360
3.224 0.356
3.237 0.331
3.250 0.290
3.263 0.305
3.276 0.342
3.290 0.258
3.303 0.259
3.317 0.253
3.329 0.263
3.341 0.329
3.353 0.247
3.363 0.316
3.372 0.239
3.393 0.319
3.404 0.309
3.416 0.246
3.433 0.239
3.454 0.307
3.476 0.224
3.497 0.243
3.511 0.247
3.527 0.242
3.541 0.269
3.564 0.213
3.587 0.233
3.609 0.201
3.632 0.210
3.655 0.277
3.680 0.211
3.704 0.240
3.727 0.200
3.742 0.249
3.754 0.225
3.766 0.219
3.777 0.179
3.788 0.213
3.802 0.226
3.818 0.243
3.835 0.222
3.851 0.185
3.870 0.215
3.889 0.158
3.907 0.187
3.923 0.198
3.937 0.160
3.948 0.225
3.960 0.203
3.973 0.160
3.985 0.189
3.998 0.195
4.011 0.130
4.024 0.206
4.037 0.158
4.050 0.153
4.062 0.218
4.075 0.127
4.089 0.153
4.105 0.189
4.121 0.131
4.136 0.189
4.154 0.115
4.178 0.175
4.205 0.112
4.234 0.201
4.266 0.165
4.299 0.167
4.333 0.107
4.367 0.116
4.400 0.137
4.433 0.101
4.468 0.105
4.505 0.106
4.547 0.120
4.594 0.116
4.642 0.157
4.690 0.135
4.738 0.101
4.788 0.108
5.137 0.103
5.188 0.120
5.437 0.143
5.486 0.138
5.536 0.102
5.586 0.111
5.636 0.119
5.686 0.100
5.736 0.102
5.984 0.106
6.135 0.138
6.685 0.140
6.834 0.121
6.885 0.141
6.935 0.131
6.985 0.111
7.187 0.112
7.236 0.117
7.286 0.133
7.336 0.126
7.386 0.125
7.436 0.131
7.487 0.133
7.538 0.107
7.685 0.132
7.729 0.135
7.823 0.109
7.871 0.120
7.964 0.103
8.014 0.111
8.157 0.130
8.204 0.115
8.345 0.125
8.438 0.115
8.531 0.141
8.578 0.102
8.624 0.141
8.758 0.103
8.900 0.125
8.946 0.128
9.231 0.102
9.327 0.128
9.434 0.130
9.541 0.134
9.594 0.121
9.645 0.142
9.737 0.124
9.780 0.106
9.820 0.113
9.884 0.105
9.950 0.122
9.983 0.134
10.014 0.140
10.295 0.128
10.473 0.137
10.503 0.107
10.535 0.140
10.569 0.111
10.636 0.133
10.734 0.128
10.760 0.136
10.770 0.125
10.801 0.122
10.829 0.118
10.873 0.113
10.920 0.116
11.058 0.127
11.155 0.136
11.202 0.132
11.251 0.132
11.301 0.142
11.351 0.126
11.497 0.144
11.542 0.117
11.590 0.124
11.638 0.142
11.731 0.127
11.777 0.129
11.825 0.136
11.873 0.114
11.921 0.142
11.969 0.142
12.016 0.104
12.111 0.110
12.159 0.112
12.207 0.138
12.302 0.140
12.350 0.135
12.398 0.106
12.446 0.138
12.589 0.122
12.685 0.136
12.781 0.120
12.973 0.109
13.021 0.140
13.069 0.104
13.213 0.133
13.405 0.117
13.453 0.115
13.501 0.118
13.597 0.113
13.741 0.139
13.789 0.113
13.837 0.107
13.934 0.140
13.981 0.102
14.029 0.108
14.077 0.123
14.270 0.127
14.318 0.143
14.800 0.131
14.848 0.112
14.896 0.138
14.945 0.121
15.187 0.120
15.284 0.108
15.380 0.111
15.477 0.111
15.526 0.135
15.719 0.141
15.864 0.115
15.913 0.133
16.059 0.121
16.206 0.128
16.644 0.136
16.742 0.141
16.791 0.121
16.937 0.111
17.373 0.141
17.421 0.129
17.469 0.118
17.518 0.116
17.615 0.123
17.810 0.135
17.858 0.108
17.955 0.121
18.149 0.131
18.198 0.138
18.295 0.101
18.343 0.107
18.441 0.116
18.683 0.103
18.878 0.107
18.927 0.103
18.976 0.110
19.025 0.135
19.122 0.110
19.171 0.118
19.220 0.132
19.367 0.110
19.658 0.117
20.049 0.140
20.098 0.137
20.293 0.139
20.390 0.124
20.542 0.128
21.100 0.117
21.141 0.113
21.263 0.107
21.493 0.133
21.526 0.106
21.558 0.129
21.743 0.124
21.773 0.137
21.804 0.102
21.834 0.110
21.864 0.131
21.893 0.123
21.922 0.133
21.980 0.130
22.065 0.102
22.093 0.125
22.329 0.116
22.438 0.133
22.469 0.132
22.517 0.136
22.532 0.122
22.545 0.139
22.586 0.103
22.593 0.108
22.617 0.139
22.675 0.116
22.704 0.129
22.722 0.117
22.742 0.142
22.778 0.128
22.788 0.106
22.795 0.140
22.810 0.139
22.818 0.105
22.830 0.128
22.851 0.126
22.953 0.104
23.010 0.129
23.029 0.110
23.048 0.127
23.084 0.104
23.102 0.118
23.118 0.143
23.136 0.115
23.153 0.137
23.170 0.129
23.201 0.103
23.247 0.124
23.277 0.109
23.344 0.103
23.381 0.120
23.392 0.142
23.437 0.142
23.475 0.126
23.502 0.105
23.532 0.127
23.557 0.143
23.569 0.100
23.573 0.114
23.579 0.107
23.588 0.124
23.593 0.116
23.606 0.127
23.612 0.121
23.615 0.121
23.616 0.106
23.615 0.131
23.611 0.136
23.599 0.143
23.596 0.136
23.588 0.126
23.584 0.119
23.580 0.138
23.575 0.122
23.558 0.124
23.494 0.138
23.485 0.140
23.475 0.136
23.467 0.106
23.457 0.140
23.427 0.132
23.405 0.141
23.316 0.104
23.290 0.108
23.260 0.112
23.230 0.104
23.183 0.139
23.166 0.101
23.150 0.134
23.095 0.142
23.039 0.141
23.019 0.104
23.000 0.123
22.962 0.118
22.943 0.101
22.814 0.130
22.747 0.118
22.702 0.117
22.678 0.140
22.655 0.108
22.631 0.130
22.581 0.124
22.457 0.129
22.350 0.135
22.296 0.121
22.269 0.132
22.156 0.118
22.126 0.118
22.098 0.123
21.979 0.111
21.887 0.105
21.856 0.143
21.824 0.129
21.729 0.128
21.664 0.131
21.531 0.142
21.498 0.120
21.463 0.111
21.222 0.116
21.188 0.103
21.151 0.134
21.044 0.127
21.007 0.104
20.897 0.124
20.823 0.104
20.748 0.131
20.672 0.116
20.634 0.136
20.596 0.109
20.481 0.114
20.442 0.107
20.403 0.113
20.364 0.121
20.325 0.109
20.207 0.130
20.087 0.108
20.007 0.119
19.885 0.126
19.843 0.144
19.717 0.109
19.507 0.126
19.466 0.116
19.296 0.121
19.169 0.123
19.084 0.135
18.998 0.104
18.870 0.111
18.828 0.139
18.742 0.136
18.699 0.131
18.657 0.130
18.487 0.115
18.445 0.110
18.402 0.134
18.317 0.141
18.106 0.114
18.027 0.122
17.949 0.103
17.912 0.117
17.755 0.117
17.715 0.108
17.673 0.115
17.631 0.139
17.588 0.133
17.491 0.130
17.442 0.128
17.343 0.100
17.245 0.132
17.103 0.137
17.006 0.119
16.806 0.123
16.756 0.100
16.652 0.124
16.499 0.123
16.395 0.143
16.147 0.113
16.070 0.114
15.985 0.135
15.928 0.114
15.873 0.143
15.818 0.139
15.600 0.110
15.548 0.128
15.449 0.135
15.399 0.117
15.266 0.127
15.223 0.112
15.012 0.111
14.974 0.117
14.902 0.115
14.792 0.125
14.627 0.135
14.533 0.137
14.434 0.108
14.335 0.137
14.185 0.143
14.135 0.114
13.935 0.123
13.885 0.141
13.784 0.120
13.683 0.107
13.633 0.136
13.534 0.133
13.484 0.106
13.284 0.125
13.134 0.107
12.883 0.115
12.687 0.141
12.683 0.119
12.683 0.122
12.683 0.105
12.685 0.135
12.687 0.102
12.688 0.104
12.689 0.135
12.691 0.116
12.692 0.124
12.696 0.104
12.698 0.112
12.700 0.104
12.701 0.141
12.702 0.132
12.703 0.108
12.708 0.109
12.709 0.111
12.711 0.117
12.713 0.121
12.715 0.107
12.717 0.110
12.718 0.129
12.719 0.100
12.730 0.138
12.732 0.101
12.733 0.103
12.735 0.113
12.739 0.143
12.740 0.114
12.742 0.141
12.743 0.141
12.747 0.129
12.749 0.104
12.752 0.135
12.753 0.125
12.680 0.106
12.545 0.111
12.344 0.126
12.196 0.140
12.080 0.130
12.061 0.104
12.045 0.139
12.031 0.140
12.016 0.109
12.004 0.111
11.966 0.121
11.917 0.124
11.893 0.102
11.869 0.103
11.843 0.130
11.827 0.112
11.810 0.111
11.794 0.128
11.778 0.133
11.641 0.120
11.604 0.127
11.585 0.123
11.566 0.110
11.528 0.133
11.434 0.121
11.415 0.116
11.392 0.129
11.362 0.123
11.299 0.132
11.186 0.119
11.090 0.108
10.948 0.120
10.900 0.128
10.800 0.131
10.702 0.112
10.603 0.113
10.453 0.113
10.357 0.123
10.308 0.101
10.256 0.137
10.201 0.133
10.038 0.133
9.983 0.122
9.818 0.121
9.764 0.111
9.549 0.102
9.503 0.106
9.475 0.105
9.438 0.117
9.390 0.109
9.359 0.130
9.347 0.103
9.334 0.109
9.254 0.111
9.239 0.111
9.209 0.106
9.194 0.109
9.164 0.103
9.135 0.106
9.123 0.122
9.097 0.115
9.084 0.106
9.012 0.134
8.988 0.132
8.976 0.128
8.941 0.109
8.926 0.107
8.900 0.139
8.889 0.140
8.878 0.130
8.836 0.122
8.823 0.134
8.790 0.134
8.782 0.126
8.758 0.108
8.749 0.114
8.689 0.126
8.584 0.132
8.565 0.118
8.543 0.134
8.531 0.121
8.493 0.144
8.480 0.104
8.467 0.111
8.428 0.134
8.337 0.127
8.268 0.144
8.250 0.124
8.236 0.118
8.225 0.103
8.153 0.115
8.137 0.127
8.106 0.103
8.074 0.120
8.059 0.120
7.980 0.124
7.917 0.121
7.901 0.123
7.870 0.144
7.854 0.124
7.806 0.130
7.790 0.105
7.758 0.107
7.726 0.114
7.663 0.111
7.647 0.138
7.617 0.106
7.586 0.116
7.570 0.125
7.443 0.136
7.411 0.112
7.394 0.128
7.377 0.123
7.343 0.105
7.315 0.105
7.300 0.112
7.277 0.110
7.265 0.101
7.206 0.100
7.174 0.119
7.143 0.106
7.082 0.107
7.050 0.141
7.017 0.143
7.002 0.119
6.988 0.108
6.975 0.120
6.945 0.103
6.908 0.142
6.875 0.114
6.826 0.124
6.810 0.119
6.794 0.114
6.746 0.130
6.731 0.115
6.690 0.139
6.668 0.117
6.610 0.113
6.590 0.111
6.547 0.139
6.506 0.126
6.465 0.109
6.426 0.141
6.334 0.123
6.268 0.140
6.235 0.109
6.209 0.123
6.118 0.113
6.048 0.128
5.957 0.101
5.934 0.141
5.912 0.103
5.866 0.103
5.843 0.116
5.753 0.144
5.727 0.143
5.646 0.135
5.605 0.144
5.582 0.143
5.535 0.141
5.471 0.118
5.449 0.102
5.398 0.121
5.373 0.133
5.347 0.122
5.253 0.124
5.212 0.111
5.197 0.135
5.117 0.141
5.107 0.128
5.096 0.112
5.083 0.122
5.052 0.117
5.025 0.109
4.959 0.110
4.943 0.137
4.905 0.102
4.874 0.113
4.859 0.109
4.847 0.121
4.837 0.149
4.821 0.102
4.806 0.136
4.791 0.152
4.776 0.127
4.763 0.150
4.736 0.112
4.722 0.148
4.709 0.159
4.695 0.124
4.681 0.150
4.668 0.125
4.641 0.106
4.627 0.120
4.614 0.107
4.600 0.105
4.556 0.121
4.535 0.123
4.513 0.135
4.492 0.102
4.454 0.149
4.423 0.128
4.411 0.107
4.385 0.108
4.373 0.111
4.362 0.124
4.323 0.179
4.304 0.176
4.286 0.119
4.269 0.155
4.252 0.116
4.236 0.166
4.219 0.150
4.205 0.175
4.191 0.197
4.174 0.130
4.158 0.193
4.141 0.211
4.124 0.154
4.108 0.149
4.091 0.135
4.074 0.208
4.057 0.134
4.040 0.208
4.024 0.167
4.007 0.132
3.991 0.185
3.975 0.230
3.959 0.149
3.943 0.225
3.926 0.152
3.910 0.187
3.894 0.173
3.879 0.243
3.868 0.231
3.856 0.200
3.835 0.168
3.825 0.171
3.815 0.247
3.803 0.177
3.792 0.165
3.781 0.233
3.762 0.170
3.742 0.238
3.723 0.251
3.703 0.185
3.693 0.219
3.681 0.257
3.668 0.265
3.655 0.186
3.642 0.273
3.630 0.261
3.617 0.219
3.604 0.287
3.591 0.263
3.578 0.253
3.565 0.273
3.552 0.273
3.539 0.295
3.525 0.300
3.511 0.217
3.497 0.274
3.482 0.257
3.466 0.284
3.449 0.276
3.430 0.314
3.410 0.304
3.391 0.245
3.370 0.286
3.346 0.308
3.322 0.316
3.298 0.295
3.273 0.338
3.247 0.271
3.222 0.323
3.199 0.274
3.176 0.283
3.153 0.294
3.130 0.344
3.108 0.348
3.087 0.308
3.067 0.370
3.046 0.341
3.026 0.333
3.008 0.333
2.990 0.416
2.973 0.421
2.958 0.334
2.947 0.377
2.936 0.356
2.925 0.393
2.915 0.380
2.896 0.344
2.886 0.413
2.866 0.362
2.847 0.414
2.827 0.414
2.817 0.365
2.807 0.387
2.796 0.460
2.786 0.401
2.776 0.417
2.766 0.423
2.747 0.470
2.727 0.430
2.708 0.472
2.688 0.441
2.678 0.441
2.668 0.451
2.649 0.478
2.631 0.420
2.615 0.490
2.599 0.476
2.583 0.500
2.569 0.453
2.555 0.506
2.541 0.457
2.527 0.510
2.513 0.493
2.499 0.517
2.485 0.545
2.470 0.491
2.456 0.553
2.442 0.521
2.428 0.469
2.413 0.558
2.399 0.540
2.382 0.534
2.366 0.527
2.352 0.543
2.338 0.544
2.326 0.533
2.314 0.530
2.302 0.577
2.290 0.534
2.279 0.548
2.267 0.605
2.255 0.583
2.244 0.552
2.232 0.618
2.220 0.534
2.209 0.619
2.197 0.575
2.187 0.596
2.176 0.573
2.165 0.617
2.152 0.577
2.139 0.597
2.127 0.592
2.115 0.651
2.105 0.628
2.096 0.624
2.078 0.613
2.060 0.606
2.045 0.618
2.028 0.625
2.010 0.589
1.991 0.626
1.981 0.641
1.970 0.630
1.952 0.689
1.934 0.666
1.916 0.656
1.905 0.627
1.894 0.634
1.882 0.628
1.868 0.697
1.853 0.719
1.839 0.637
1.826 0.648
1.815 0.658
1.802 0.726
1.790 0.718
1.778 0.660
1.767 0.720
1.757 0.752
1.736 0.670
1.726 0.717
1.707 0.750
1.689 0.732
1.671 0.720
1.652 0.778
1.634 0.742
1.619 0.704
1.605 0.735
1.590 0.775
1.576 0.765
1.563 0.721
1.550 0.782
1.536 0.793
1.523 0.784
1.509 0.818
1.497 0.745
1.484 0.828
1.471 0.814
1.460 0.827
1.448 0.759
1.438 0.840
1.426 0.802
1.414 0.834
1.402 0.772
1.389 0.837
1.377 0.800
1.364 0.831
1.351 0.781
1.337 0.868
1.323 0.865
1.309 0.797
1.298 0.805
1.285 0.814
1.274 0.813
1.262 0.866
1.250 0.888
1.237 0.832
1.224 0.888
1.211 0.835
1.198 0.816
1.186 0.875
1.173 0.838
1.161 0.844
1.149 0.881
1.137 0.842
1.124 0.864
1.111 0.908
1.098 0.932
1.085 0.899
1.073 0.868
1.061 0.922
1.051 0.880
1.039 0.944
1.027 0.887
1.015 0.930
1.003 0.955
0.992 0.891
0.980 0.942
0.968 0.929
0.956 0.894
0.944 0.898
0.932 0.884
0.919 0.935
0.907 0.969
0.894 0.933
0.883 0.883
0.876 0.918
0.872 0.976
0.870 0.962
0.855 0.932
0.840 0.967
0.824 0.896
0.810 0.947
0.795 0.936
0.777 0.919
0.757 0.954
0.739 0.965
0.721 0.914
0.704 0.969
0.687 0.917
0.672 0.968
0.656 0.927
0.640 1.000
0.627 1.000
0.620 0.956
0.617 0.955
0.614 0.986
0.611 0.941
0.609 0.929
0.600 1.000
0.585 1.000
0.573 0.999
0.560 0.992
0.548 0.940
0.537 1.000
0.525 0.999
0.514 1.000
0.502 0.953
0.488 0.953
0.477 1.000
0.467 1.000
0.455 0.994
0.445 1.000
0.432 0.957
0.422 0.954
0.412 1.000
0.400 0.975
0.390 0.987
0.380 0.967
0.370 1.000
0.359 0.994
0.348 1.000
0.335 1.000
0.323 1.000
0.311 0.959
0.300 1.000
0.289 1.000
0.278 1.000
0.267 1.000
0.256 1.000
0.244 1.000
0.233 1.000
0.223 1.000
0.212 0.966
0.201 0.973
0.189 1.000
0.176 1.000
0.161 1.000
0.150 1.000
0.138 0.968
0.126 1.000
0.115 1.000
0.105 1.000
0.096 0.966
0.085 0.981
0.074 1.000
0.063 1.000
0.054 1.000
0.047 0.982
0.041 1.000
0.038 1.000
0.039 0.983
0.043 1.000
0.050 1.000
0.058 0.969
0.071 1.000
0.083 1.000
0.093 1.000
0.103 1.000
0.113 1.000
0.123 0.994
0.133 1.000
0.144 1.000
0.158 1.000
0.171 1.000
0.183 1.000
0.194 1.000
0.204 0.986
0.214 1.000
0.225 0.985
0.239 1.000
0.252 0.966
0.266 0.987
0.279 0.990
0.294 0.991
0.308 1.000
0.324 0.964
0.341 0.971
0.355 0.954
0.370 1.000
0.386 0.989
0.405 0.953
0.421 1.000
0.432 0.983
0.443 1.000
0.454 0.989
0.468 0.951
0.480 0.945
0.492 0.969
0.504 0.961
0.517 0.970
0.529 1.000
0.541 0.943
0.557 0.940
0.572 0.985
0.590 0.932
0.607 1.000
0.623 0.939
0.640 0.981
0.655 0.990
0.670 0.939
0.683 0.974
0.696 0.935
0.710 0.946
0.724 0.968
0.736 0.978
0.749 0.974
0.762 0.990
0.775 0.966
0.788 0.989
0.801 0.921
0.812 0.976
0.824 0.923
0.835 0.914
0.848 0.963
0.861 0.963
0.875 0.919
0.889 0.936
0.903 0.911
0.917 0.942
0.931 0.926
0.944 0.911
0.958 0.951
0.972 0.906
0.985 0.890
0.999 0.861
1.013 0.942
1.027 0.906
1.041 0.876
1.055 0.892
1.069 0.887
1.084 0.859
1.098 0.828
1.113 0.897
1.127 0.834
1.141 0.842
1.156 0.815
1.170 0.872
1.183 0.829
1.196 0.871
1.210 0.863
1.224 0.882
1.238 0.844
1.252 0.842
1.266 0.858
1.280 0.790
1.294 0.785
1.307 0.863
1.321 0.843
1.335 0.824
1.348 0.814
1.362 0.790
1.376 0.769
1.390 0.830
1.405 0.806
1.418 0.782
1.432 0.767
1.445 0.764
1.459 0.737
1.473 0.809
1.488 0.795
1.503 0.819
1.521 0.736
1.538 0.800
1.555 0.769
1.572 0.794
1.589 0.790
1.607 0.707
1.625 0.700
1.636 0.707
1.646 0.714
1.657 0.689
1.676 0.753
1.694 0.739
1.705 0.690
1.716 0.686
1.727 0.723
1.738 0.742
1.748 0.690
1.759 0.695
1.769 0.690
1.780 0.660
1.791 0.732
1.801 0.700
1.820 0.642
1.839 0.680
1.849 0.646
1.867 0.694
1.879 0.709
1.894 0.662
1.908 0.682
1.922 0.628
1.935 0.615
1.948 0.689
1.961 0.657
1.975 0.684
1.987 0.645
2.000 0.634
2.013 0.605
2.026 0.578
2.039 0.645
2.052 0.588
2.065 0.661
2.077 0.586
2.090 0.635
2.104 0.619
2.117 0.584
2.129 0.632
2.141 0.556
2.153 0.632
2.166 0.592
2.179 0.561
2.191 0.548
2.205 0.587
2.218 0.598
2.230 0.581
2.243 0.569
2.254 0.530
2.266 0.587
2.278 0.592
2.290 0.513
2.302 0.586
2.313 0.510
2.325 0.516
2.337 0.549
2.349 0.558
2.362 0.523
2.375 0.504
2.389 0.494
2.402 0.478
2.416 0.521
2.430 0.529
2.444 0.457
2.457 0.512
2.470 0.535
2.482 0.499
2.495 0.486
2.508 0.501
2.521 0.433
2.534 0.491
2.547 0.466
2.560 0.478
2.572 0.486
2.585 0.514
2.600 0.436
2.619 0.421
2.638 0.444
2.659 0.420
2.670 0.455
2.682 0.438
2.697 0.486
2.715 0.433
2.732 0.442
2.749 0.449
2.766 0.388
2.783 0.459
2.801 0.438
2.817 0.411
2.834 0.378
2.851 0.380
2.867 0.404
2.884 0.389
2.901 0.370
2.918 0.406
2.934 0.360
2.951 0.329
2.968 0.325
2.985 0.316
3.002 0.346
3.019 0.338
3.036 0.306
3.052 0.326
3.069 0.314
3.086 0.365
3.103 0.385
3.119 0.349
3.136 0.379
3.153 0.366
3.171 0.298
3.188 0.343
3.205 0.301
3.222 0.263
3.238 0.305
3.255 0.258
3.272 0.340
3.289 0.332
3.306 0.308
3.323 0.340
3.341 0.267
3.359 0.329
3.376 0.272
3.393 0.278
3.410 0.305
3.427 0.271
3.444 0.243
3.462 0.278
3.480 0.285
3.497 0.246
3.515 0.220
3.531 0.246
3.548 0.263
3.566 0.211
3.583 0.204
3.601 0.264
3.618 0.187
3.636 0.207
3.653 0.189
3.670 0.179
3.688 0.187
3.704 0.218
3.721 0.233
3.739 0.266
3.756 0.253
3.774 0.207
3.792 0.173
3.809 0.243
3.827 0.244
3.844 0.220
3.861 0.213
3.879 0.166
3.896 0.219
3.913 0.153
3.930 0.171
3.948 0.217
3.964 0.195
3.981 0.192
3.998 0.131
4.015 0.174
4.032 0.216
4.050 0.220
4.068 0.209
4.085 0.166
4.103 0.148
4.121 0.192
4.138 0.185
4.155 0.191
4.172 0.152
4.190 0.184
4.207 0.197
4.224 0.191
4.242 0.127
4.259 0.110
4.277 0.107
4.294 0.151
4.311 0.137
4.328 0.133
4.346 0.190
4.363 0.161
4.381 0.185
4.398 0.126
4.416 0.160
4.451 0.168
4.468 0.111
4.486 0.148
4.503 0.101
4.520 0.104
4.538 0.152
4.555 0.113
4.573 0.149
4.590 0.147
4.607 0.156
4.625 0.101
4.677 0.107
4.712 0.159
4.730 0.135
4.747 0.112
4.782 0.100
4.817 0.101
4.834 0.121
4.869 0.141
4.887 0.138
4.922 0.136
4.974 0.139
4.991 0.106
5.009 0.142
5.043 0.119
5.079 0.115
5.220 0.100
5.238 0.116
5.255 0.136
5.273 0.105
5.375 0.135
5.393 0.109
5.410 0.138
5.478 0.105
5.512 0.105
5.529 0.111
5.564 0.132
5.581 0.126
5.598 0.128
5.615 0.112
5.632 0.105
5.649 0.124
5.666 0.137
5.683 0.106
5.772 0.141
5.789 0.121
5.842 0.113
5.877 0.140
5.950 0.124
5.968 0.134
5.986 0.111
6.020 0.126
6.074 0.110
6.091 0.114
6.109 0.138
6.182 0.117
6.220 0.141
6.256 0.115
6.294 0.109
6.312 0.137
6.349 0.116
6.385 0.113
6.403 0.117
6.420 0.133
6.438 0.142
6.508 0.123
6.526 0.119
6.561 0.125
6.578 0.114
6.613 0.116
6.666 0.112
6.684 0.132
6.719 0.140
6.738 0.101
6.773 0.105
6.808 0.140
6.826 0.109
6.844 0.100
6.862 0.120
6.950 0.108
6.968 0.118
7.004 0.101
7.020 0.125
7.036 0.128
7.053 0.122
7.123 0.129
7.139 0.109
7.156 0.119
7.190 0.106
7.271 0.103
7.289 0.124
7.323 0.112
7.340 0.137
7.358 0.141
7.449 0.103
7.590 0.116
7.641 0.135
7.692 0.142
7.793 0.113
7.827 0.100
7.843 0.115
7.876 0.122
7.945 0.103
8.015 0.102
8.066 0.139
8.100 0.122
8.184 0.143
8.217 0.137
8.235 0.108
8.252 0.136
8.270 0.121
8.321 0.122
8.390 0.110
8.408 0.133
8.425 0.118
8.442 0.126
8.493 0.132
8.509 0.131
8.680 0.111
8.696 0.113
8.729 0.111
8.763 0.130
8.814 0.115
8.831 0.109
8.849 0.118
8.866 0.138
8.919 0.124
8.970 0.127
8.987 0.144
9.021 0.141
9.050 0.139
9.053 0.130
9.041 0.128
9.028 0.136
8.955 0.129
8.846 0.105
8.803 0.128
8.787 0.100
8.738 0.109
8.714 0.115
8.677 0.138
8.654 0.132
8.617 0.114
8.571 0.110
8.506 0.111
8.490 0.105
8.458 0.128
8.425 0.136
8.376 0.115
8.327 0.111
8.262 0.136
8.246 0.132
8.229 0.122
8.132 0.125
8.068 0.140
8.052 0.101
7.955 0.133
7.922 0.111
7.825 0.125
7.809 0.133
7.776 0.103
7.760 0.130
7.727 0.126
7.710 0.134
7.661 0.133
7.645 0.133
7.612 0.132
7.596 0.104
7.581 0.127
7.532 0.130
7.515 0.109
7.499 0.116
7.467 0.117
7.402 0.134
7.369 0.107
7.353 0.117
7.337 0.141
7.320 0.103
7.288 0.101
7.272 0.117
7.256 0.106
7.240 0.137
7.126 0.110
7.109 0.116
7.092 0.102
7.075 0.130
7.042 0.113
7.026 0.118
7.010 0.136
6.976 0.121
6.958 0.118
6.922 0.108
6.886 0.109
6.814 0.134
6.778 0.130
6.761 0.105
6.744 0.121
6.727 0.100
6.612 0.139
6.531 0.133
6.515 0.123
6.482 0.133
6.450 0.123
6.433 0.109
6.366 0.110
6.205 0.129
6.189 0.102
6.173 0.111
6.157 0.136
6.125 0.135
6.028 0.135
6.012 0.143
5.996 0.126
5.951 0.124
5.936 0.126
5.920 0.112
5.874 0.134
5.861 0.138
5.848 0.143
5.819 0.103
5.804 0.100
5.790 0.107
5.759 0.143
5.744 0.137
5.667 0.136
5.651 0.133
5.576 0.112
5.561 0.107
5.546 0.124
5.499 0.135
5.484 0.123
5.441 0.137
5.409 0.132
5.394 0.138
5.378 0.122
5.363 0.127
5.333 0.126
5.302 0.106
5.270 0.143
5.240 0.119
5.192 0.134
5.114 0.138
5.098 0.117
5.082 0.118
5.019 0.110
4.971 0.104
4.908 0.115
4.892 0.107
4.877 0.105
4.845 0.112
4.734 0.118
4.718 0.111
4.702 0.135
4.655 0.122
4.639 0.117
4.623 0.105
4.607 0.137
4.591 0.162
4.575 0.127
4.559 0.157
4.543 0.140
4.527 0.140
4.511 0.117
4.495 0.170
4.480 0.101
4.464 0.106
4.433 0.179
4.417 0.101
4.401 0.145
4.385 0.116
4.354 0.128
4.338 0.177
4.321 0.143
4.304 0.149
4.288 0.146
4.271 0.198
4.255 0.190
4.238 0.126
4.222 0.166
4.207 0.136
4.192 0.184
4.176 0.145
4.160 0.203
4.144 0.188
4.128 0.163
4.112 0.158
4.097 0.142
4.082 0.166
4.066 0.184
4.051 0.181
4.035 0.200
4.019 0.200
4.005 0.193
3.990 0.177
3.975 0.213
3.959 0.136
3.944 0.168
3.929 0.143
3.914 0.176
3.899 0.186
3.883 0.160
3.867 0.174
3.851 0.161
3.834 0.191
3.818 0.180
3.802 0.160
3.787 0.183
3.771 0.181
3.755 0.188
3.740 0.178
3.724 0.223
3.709 0.268
3.693 0.216
3.678 0.200
3.663 0.217
3.648 0.254
3.633 0.203
3.617 0.224
3.601 0.201
3.585 0.286
3.570 0.209
3.554 0.289
3.539 0.203
3.524 0.212
3.508 0.257
3.493 0.303
3.477 0.302
3.462 0.219
3.447 0.287
3.431 0.251
3.416 0.265
3.401 0.304
3.385 0.263
3.369 0.236
3.354 0.309
3.338 0.266
3.322 0.289
3.307 0.289
3.291 0.258
3.274 0.309
3.258 0.277
3.241 0.316
3.225 0.271
3.208 0.346
3.192 0.303
3.176 0.308
3.159 0.371
3.142 0.332
3.126 0.333
3.109 0.298
3.093 0.333
3.076 0.352
3.060 0.318
3.043 0.377
3.027 0.328
3.010 0.311
2.993 0.355
2.977 0.414
2.960 0.361
2.944 0.339
2.927 0.388
2.911 0.347
2.894 0.366
2.876 0.433
2.859 0.372
2.841 0.418
2.824 0.354
2.806 0.398
2.789 0.407
2.772 0.393
2.755 0.448
2.738 0.384
2.722 0.453
2.705 0.471
2.688 0.482
2.671 0.420
2.653 0.416
2.635 0.475
2.617 0.434
2.599 0.502
2.582 0.419
2.565 0.504
2.548 0.426
2.531 0.471
2.515 0.530
2.498 0.527
2.481 0.520
2.465 0.503
2.448 0.548
2.431 0.536
2.414 0.494
2.398 0.507
2.380 0.570
2.362 0.543
2.345 0.575
2.327 0.552
2.310 0.514
2.292 0.551
2.274 0.539
2.256 0.565
2.238 0.587
2.220 0.591
2.203 0.534
2.186 0.545
2.168 0.606
2.150 0.560
2.132 0.618
2.114 0.572
2.096 0.604
2.078 0.573
2.060 0.655
2.042 0.571
2.025 0.585
2.008 0.600
1.990 0.666
1.973 0.604
1.956 0.614
1.940 0.677
1.923 0.639
1.906 0.690
1.889 0.688
1.872 0.643
1.855 0.701
1.838 0.643
1.821 0.697
1.804 0.666
1.787 0.735
1.770 0.740
1.754 0.661
1.736 0.713
1.720 0.722
1.703 0.735
1.686 0.713
1.668 0.677
1.651 0.779
1.634 0.691
1.618 0.711
1.601 0.722
1.584 0.721
1.566 0.736
1.549 0.722
1.531 0.772
1.514 0.806
1.497 0.762
1.480 0.807
1.463 0.792
1.444 0.765
1.426 0.792
1.408 0.834
1.390 0.842
1.373 0.786
1.355 0.822
1.338 0.813
1.320 0.781
1.303 0.836
1.285 0.834
1.268 0.863
1.250 0.868
1.233 0.834
1.216 0.885
1.198 0.817
1.181 0.884
1.163 0.864
1.146 0.912
1.128 0.878
1.111 0.882
1.094 0.830
1.078 0.863
1.060 0.900
1.044 0.924
1.027 0.935
1.010 0.885
0.993 0.943
0.976 0.894
0.959 0.873
0.942 0.870
0.925 0.906
0.908 0.940
0.891 0.880
0.874 0.945
0.857 0.942
0.840 0.950
0.822 0.963
0.805 0.951
0.787 0.981
0.770 0.921
0.752 0.943
0.735 0.987
0.717 0.931
0.700 0.911
0.683 0.981
0.665 0.941
0.648 1.000
0.631 0.915
0.614 0.926
0.597 1.000
0.580 1.000
0.563 0.930
0.546 0.999
0.530 1.000
0.513 0.991
0.497 0.938
0.480 0.965
0.464 0.954
0.447 0.946
0.431 1.000
0.414 0.952
0.399 1.000
0.383 0.957
0.367 0.973
0.352 0.961
0.337 0.979
0.322 1.000
0.308 1.000
0.294 1.000
0.280 1.000
0.266 0.988
0.251 1.000
0.237 0.964
0.222 1.000
0.209 1.000
0.196 0.974
0.183 0.961
0.171 1.000
0.159 0.962
0.150 1.000
0.142 0.977
0.136 1.000
0.132 0.960
0.129 1.000
0.129 0.967
0.131 1.000
0.136 0.998
0.142 1.000
0.150 0.967
0.159 0.968
0.170 0.979
0.180 1.000
0.192 0.981
0.204 0.972
0.217 1.000
0.230 0.977
0.244 1.000
0.258 1.000
0.272 1.000
0.287 1.000
0.302 1.000
0.317 0.959
0.333 1.000
0.348 1.000
0.362 0.989
0.378 1.000
0.393 0.976
0.409 0.978
0.424 1.000
0.440 0.995
0.456 1.000
0.472 0.971
0.489 0.978
0.505 0.950
0.521 0.949
0.537 0.945
0.553 0.951
0.569 0.936
0.586 0.964
0.602 0.974
0.618 1.000
0.634 1.000
0.650 0.924
0.666 0.991
0.682 0.942
0.698 0.994
0.714 0.930
0.730 0.981
0.745 0.915
0.761 0.982
0.777 0.963
0.793 0.975
0.809 0.919
0.825 0.982
0.841 0.915
0.858 0.985
0.875 0.885
0.892 0.945
0.908 0.930
0.924 0.879
0.940 0.960
0.956 0.901
0.972 0.898
0.989 0.903
1.006 0.910
1.023 0.875
1.040 0.919
1.056 0.866
1.072 0.907
1.089 0.914
1.105 0.898
1.122 0.842
1.139 0.875
1.156 0.884
1.173 0.871
1.189 0.896
1.206 0.889
1.223 0.892
1.240 0.832
1.257 0.825
1.275 0.888
1.292 0.795
1.308 0.829
1.325 0.823
1.341 0.836
1.358 0.844
1.375 0.808
1.392 0.831
1.408 0.837
1.426 0.842
1.443 0.844
1.459 0.770
1.476 0.782
1.493 0.813
1.509 0.744
1.526 0.760
1.543 0.756
1.560 0.796
1.577 0.725
1.594 0.721
1.610 0.705
1.627 0.703
1.644 0.694
1.661 0.760
1.678 0.742
1.695 0.717
1.712 0.773
1.729 0.698
1.746 0.760
1.763 0.700
1.779 0.714
1.796 0.696
1.813 0.733
1.830 0.661
1.847 0.653
1.863 0.697
1.880 0.649
1.897 0.630
1.914 0.671
1.931 0.670
1.948 0.610
1.965 0.662
1.982 0.612
1.999 0.630
2.017 0.677
2.035 0.669
2.053 0.639
2.071 0.611
2.088 0.646
2.105 0.625
2.121 0.592
2.137 0.549
2.154 0.567
2.171 0.592
2.188 0.596
2.205 0.616
2.222 0.612
2.239 0.567
2.256 0.584
2.272 0.581
2.288 0.576
2.304 0.552
2.321 0.515
2.338 0.581
2.355 0.567
2.371 0.573
2.389 0.553
2.406 0.475
2.424 0.559
2.441 0.542
2.458 0.523
2.473 0.532
2.489 0.451
2.505 0.443
2.521 0.443
2.538 0.474
2.556 0.465
2.572 0.501
2.589 0.432
2.605 0.449
2.622 0.507
2.639 0.430
2.655 0.476
2.671 0.477
2.687 0.483
2.703 0.407
2.720 0.406
2.736 0.427
2.753 0.460
2.770 0.407
2.787 0.453
2.804 0.377
2.821 0.450
2.838 0.395
2.855 0.439
2.872 0.417
2.889 0.375
2.905 0.353
2.921 0.416
2.937 0.346
2.954 0.341
2.970 0.327
2.986 0.339
3.002 0.375
3.018 0.333
3.034 0.405
3.050 0.333
3.066 0.381
3.082 0.357
3.099 0.356
3.115 0.339
3.132 0.293
3.148 0.290
3.165 0.336
3.181 0.294
3.197 0.351
3.214 0.292
3.230 0.281
3.247 0.351
3.264 0.281
3.281 0.294
3.299 0.326
3.315 0.293
3.332 0.329
3.347 0.306
3.380 0.271
3.433 0.242
3.494 0.222
3.546 0.280
3.593 0.266
3.642 0.207
3.693 0.241
3.744 0.204
3.794 0.202
3.843 0.183
3.893 0.201
3.943 0.165
3.993 0.178
4.043 0.139
4.093 0.193
4.143 0.180
4.193 0.114
4.243 0.194
4.293 0.139
4.343 0.185
4.392 0.164
4.442 0.139
4.492 0.163
4.542 0.104
4.591 0.110
4.642 0.124
4.692 0.160
4.742 0.143
5.041 0.105
5.291 0.134
5.440 0.108
5.490 0.103
5.590 0.137
5.639 0.114
5.689 0.109
5.740 0.121
5.940 0.131
5.990 0.142
6.240 0.107
6.290 0.126
6.489 0.140
6.540 0.116
6.690 0.132
6.740 0.103
6.790 0.112
6.840 0.113
6.890 0.108
6.991 0.104
7.040 0.125
7.090 0.121
7.140 0.103
7.240 0.108
7.491 0.136
7.641 0.116
7.691 0.114
7.790 0.125
7.841 0.143
8.040 0.120
8.290 0.109
8.490 0.122
8.590 0.102
8.940 0.131
8.990 0.105
9.090 0.130
9.141 0.128
9.241 0.142
9.390 0.113
9.740 0.104
9.790 0.116
9.890 0.140
9.990 0.108
10.039 0.104
10.089 0.126
10.139 0.124
10.189 0.127
10.339 0.132
10.489 0.125
10.539 0.132
10.639 0.139
10.689 0.143
10.788 0.131
10.838 0.144
10.938 0.129
10.989 0.139
11.038 0.118
11.089 0.105
11.239 0.111
11.738 0.141
11.838 0.133
11.887 0.115
11.937 0.111
11.987 0.126
12.187 0.129
12.236 0.143
12.487 0.143
12.736 0.143
13.036 0.138
13.086 0.144
13.236 0.142
13.286 0.111
13.335 0.127
13.535 0.112
13.735 0.130
14.184 0.111
14.234 0.102
14.284 0.127
14.383 0.120
14.484 0.126
14.583 0.131
14.684 0.136
15.184 0.141
15.284 0.106
15.484 0.134
15.585 0.127
15.634 0.110
15.685 0.124
15.784 0.104
15.884 0.111
16.035 0.125
16.084 0.134
16.134 0.119
16.234 0.137
16.283 0.112
16.384 0.135
16.684 0.133
16.983 0.102
17.033 0.128
17.183 0.112
17.284 0.141
17.383 0.117
17.483 0.143
17.533 0.144
17.683 0.133
17.733 0.133
17.783 0.101
17.884 0.131
17.934 0.140
18.084 0.104
18.134 0.117
18.183 0.119
18.234 0.103
18.284 0.137
18.335 0.120
18.384 0.121
18.535 0.141
18.734 0.104
19.034 0.115
19.234 0.134
19.334 0.127
19.484 0.102
19.534 0.119
19.584 0.130
19.734 0.118
19.784 0.128
20.034 0.114
20.134 0.103
20.183 0.134
20.233 0.107
20.433 0.138
20.483 0.139
20.883 0.115
20.933 0.123
20.983 0.101
21.233 0.107
21.433 0.141
21.484 0.129
21.534 0.132
21.584 0.122
21.634 0.126
21.783 0.125
22.033 0.136
22.383 0.105
22.433 0.120
22.583 0.136
22.632 0.138
22.733 0.125
22.832 0.140
22.882 0.108
22.932 0.104
22.982 0.137
23.132 0.135
23.182 0.111
23.332 0.116
23.432 0.138
23.582 0.128
23.632 0.121
23.682 0.127
23.832 0.102
23.882 0.135
23.932 0.131
24.132 0.105
24.182 0.107
24.282 0.144
24.432 0.134
24.483 0.106
24.532 0.107
24.583 0.117
24.832 0.137
24.932 0.124
24.982 0.123
25.032 0.138
25.132 0.128
25.381 0.138
25.481 0.124
25.582 0.116
25.631 0.111
25.731 0.101
25.825 0.128
